100
676638407 325428771
860864843 647881464
836255604 197137695
868101117 675803380
663333719 180989585
486334963 877625258
495166618 977052959
918996371 472942006
780786214 140693006
766320844 114449421
750669664 767270777
972783917 955384930
719479833 208487330
865503409 634336959
186381813 708716119
153063863 841751032
271363868 641652672
224185200 389969997
792008424 429146069
322197395 667208785
505983381 759385560
889200052 601472628
151323596 837965788
550517506 475610461
804770820 412414960
884569668 468201118
411663249 522676292
338545050 620029585
632734728 165450308
950891211 925607859
624233847 297206469
402799142 215404685
924087896 276275004
349452739 751487724
862466475 118548502
743701932 724203920
484053328 149194418
376941156 276967106
432908881 183459464
239253214 394365348
280597549 506816484
228836189 751860383
937505277 862613225
384843939 462050224
745303463 666120015
156798155 798232767
227318814 181777753
374096645 278284030
396405016 612225619
964366739 449069913
118167597 613615243
375783575 440996513
387790684 258691924
432199176 362618163
525001315 887114863
702304222 275925265
146643421 508932059
715361857 533409645
319165349 471234172
863498483 798144279
327318130 937665575
830476445 212817472
893104351 130001823
513059684 659012712
878649099 342367190
588219741 541018723
560255428 380867605
544228049 985542829
548820350 193242591
860483057 226139678
398601384 782508825
754300377 273980634
419522421 611197012
966767241 709025030
144991624 674261848
407907797 378990017
182379898 646042458
934269571 752326677
834393395 995157069
677713792 197788799
713562147 981441000
797051664 950998642
973497113 487341465
807229433 500618845
687255133 256326712
128395475 373325748
875336203 627801123
687517805 659383009
424958337 277826304
807662512 816441672
578803481 304047122
936741860 368863141
695246367 548617110
977910779 370798619
719526711 634017338
484316495 705117532
741806388 339230489
397733786 996104232
980404965 572682303
296818308 746470624
